1.111211634579877661e+01
5.964671298353491302e+00
1.303867871190521655e+01
6.698489703710787779e+00
2.094871910146767391e+01
4.737841106596303753e+00
5.615451399644846298e+00
6.978201392775257972e+00
9.181280039389964287e+00
4.995116137350452235e+00
3.743311478872825226e+00
5.291185283299206787e+00
6.977919011433733942e+00
7.473425246943745215e+00
6.538204522794436535e+00
6.980920700397903467e+00
6.281503686450229829e+00
1.509394700590217298e+01
7.663555340609796040e+00
8.771521750136065165e+00
5.458988942100503117e+00
1.150573860665321391e+01
8.460308152339450771e+00
6.551891372625663124e+00
4.987225509863720596e+00
4.137173868246830644e+00
1.495258371025834343e+01
4.112704245647922363e+00
1.695114141712917899e+01
3.698587010666746000e+00
1.016223872421651286e+01
6.987818754707076252e+00
6.984036966209418829e+00
1.307797818015064806e+01
9.769875357133679827e+00
1.402916325595893099e+01
6.757487834887272449e+00
6.022129021665104887e+00
1.025388246769703571e+01
3.839690596731444305e+00
3.175147045272465274e+00
1.505418100847177243e+01
5.054708383492617862e+00
8.259631156139612074e+00
1.874004133742781164e+01
1.078134097749062192e+01
1.050380190739964092e+01
5.351156292618710175e+00
6.297892832656340367e+00
1.203375069723631974e+01
5.792112440936693751e+00
9.932926628387489743e+00
1.000174275375195343e+01
4.971411683987430941e+00
1.275737025727260132e+01
6.311759674255778663e+00
5.465060360522327798e+00
1.018078031429545227e+01
1.013784057280933482e+01
1.033923645639250566e+01
5.943973235186059689e+00
6.559900138685379467e+00
1.579695696479557832e+01
5.722647611400246248e+00
1.834662209027938928e+01
4.840644923258262011e+00
8.764617946062948306e+00
4.568207790086073139e+00
1.517562095330394811e+01
8.694777698354066331e+00
4.149250144899720993e+00
1.633842074776797304e+01
7.127918765728512795e+00
1.212364934485403367e+01
1.276814551138655141e+01
1.551681412368928115e+01
4.234108442417240603e+00
1.412500805744669918e+01
5.345099784638071228e+00
5.816367352397283419e+00
1.039881236867063130e+01
1.175909822332826771e+01
1.451493243684360834e+01
3.416467069647388666e+00
3.609218935003431827e+00
7.484762431700801244e+00
2.609278555274638833e+01
2.604732465811943509e+00
1.881112632151603847e+01
7.142273460283869113e+00
4.594816384279392985e+00
5.067772480446635974e+00
6.152396082392855625e+00
4.660863042621228303e+00
1.601067865280475999e+01
5.561775954387332632e+00
6.450644944077555287e+00
9.329967442728770877e+00
9.233800651563917938e+00
1.641047178660131678e+01
7.247612553142258385e+00
1.956362457520703657e+01
1.260262762399377756e+01
1.232462889041486420e+01
8.452505888234043141e+00
2.883216957998764318e+00
8.414500697163353138e+00
4.869724914213038325e+00
7.006628914441362710e+00
9.923126214513786181e+00
6.147178042540170750e+00
1.100019032312837020e+01
4.459644506650736417e+00
1.053320451857999984e+01
1.381402066834326448e+01
2.180077380080656013e+01
1.594105439880786790e+01
1.412362061820331327e+01
6.257824567146602845e+00
9.070555261842041972e+00
6.510758289306862068e+00
9.146608324950239677e+00
4.537572851658328688e+00
7.292735418623802701e+00
4.119728134543695575e+00
1.356979030308460032e+01
1.185597816476367683e+01
1.581220405281783847e+01
1.005829164990802660e+01
6.133711852364580608e+00
3.796627101076161637e+00
5.344688232249349191e+00
4.283709533006297754e+00
1.730818329697718028e+01
7.568940810158298227e+00
1.469476319912424955e+01
1.771264355865067230e+01
6.532089337631530768e+00
1.196831908093142793e+01
1.248594318533901770e+01
1.513896162519026589e+01
8.972399649914001074e+00
1.364710985080493799e+01
1.220266970661182881e+01
1.972336048036253686e+01
8.935264742338812738e+00
1.729778144200321677e+01
1.431248276809941444e+01
4.262633857584572361e+00
7.822898382111169724e+00
8.600124153956974382e+00
8.441084382852190870e+00
1.528820922774476543e+01
1.350973413136634171e+01
1.247894666722235435e+01
5.623095666036648232e+00
5.810156840810497769e+00
6.017004091450929515e+00
3.137830315979407203e+00
3.667955615968545136e+00
3.144940537204402808e+00
7.765951654591985331e+00
8.345062056750768065e+00
6.361680131149999973e+00
5.600210099845066125e+00
1.248034141753428905e+01
1.501668678132226553e+01
7.681309410165361840e+00
1.158460550572100978e+01
1.003984293447485854e+01
1.839807495100578549e+01
8.637703718217704107e+00
3.372749833554170351e+00
1.094533540940200211e+01
1.756148671772208303e+01
4.608357784489818698e+00
1.969955722638698603e+01
1.229627500718144439e+01
4.930453999254374331e+00
8.882602527845261164e+00
1.571331213904158020e+01
1.422090378206036121e+01
9.123041174850895274e+00
5.835870162959031937e+00
8.315569633707053043e+00
6.577143563121430780e+00
8.793895294332923385e+00
8.765762195417167391e+00
7.374334109709232976e+00
3.480098891452636511e+00
8.480892566933469823e+00
1.652261895007318770e+01
6.212058258821671508e+00
3.879051652907910874e+00
4.972636707121928623e+00
5.159439461013701766e+00
1.338955223642901693e+01
1.203465756204746739e+01
9.466968651244052069e+00
1.361229698206306615e+01
4.529372543383297867e+00
2.894057207877858584e+00
4.043584152363099982e+00
8.013435162831974878e+00
9.494913004605287199e+00
5.540654249585776014e+00
1.005053731132223049e+01
5.223181160861422256e+00
6.238315071881756602e+00
5.170875381462167297e+00
9.647759617433280255e+00
4.670395865690446513e+00
6.329031861429402994e+00
7.359382284432697041e+00
3.352704851690531118e+00
7.078167786364124581e+00
3.609473760062073211e+00
6.594307427007067623e+00
3.838566437610427151e+00
5.097580391497989361e+00
1.024208258535879779e+01
1.579154467620617019e+01
1.213453975977454746e+01
6.772367006495279007e+00
6.383129599928746067e+00
1.134051724454940135e+01
1.174303995438546622e+01
8.011473844178134129e+00
4.592663799563186267e+00
1.133452257084334747e+01
8.080746726114151457e+00
4.534717428457093469e+00
9.893229533456691982e+00
1.017347872218277693e+01
3.881130285342459185e+00
6.887875775170813064e+00
4.866424130781755508e+00
9.051595400151628112e+00
9.836067881815361957e+00
2.215807582447285640e+01
9.356095471675825337e+00
4.215589632794396913e+00
8.658241171565101979e+00
9.772023549261815489e+00
1.052273915123883796e+01
1.096018835134901614e+01
8.371190454052738872e+00
5.648129090145876496e+00
1.149613871682925925e+01
6.912765305652235348e+00
